# A nice place to store some colour palettes
# Thomas Keggin

colours_tk <- list()

# IoM Sound ----

colours_tk[["iom_sound"]] <- c("#A4B3BF",
                               "#94A653",
                               "#858C4D",
                               "#555934",
                               "#F2F2F2")

colours_tk[["gradient_iom_sound"]] <- c("#FFFFFD",
                                        "#EEF3F6",
                                        "#B5C0C6",
                                        "#6B706C",
                                        "#46483A",
                                        "#686846",
                                        "#606C3A")

# purps ----
colours_tk[["purps"]] <- c("#CE52EB",
                           "#AC56F5",
                           "#7C59DE",
                           "#5657F5",
                           "#527BEB")
                           
# tropical ----
colours_tk[["tropical"]] <- c("#0487D9",
                              "#049DD9",
                              "#04B2D9",
                              "#03A6A6",
                              "#D9A86C")

# colour blind tol ----
# https://personal.sron.nl/~pault/
colours_tk[["cb_tol"]] <- c("#000000",
                            "#332288",
                            "#44AA99",
                            "#88CCEE",
                            "#CC6677",
                            "#AA4499")
                            
colours_tk[["cb_tol_long"]] <- c("#000000",
                                     "#332288",
                                     "#88CCEE",
                                     "#44AA99",
                                     "#117733",
                                     "#999933",
                                     "#DDCC77",
                                     "#CC6677",
                                     "#882255",
                                     "#AA4499",
                                     "#DDDDDD")

# colour blind bang wong 2011 ----
colours_tk[["cb_wong"]] <- c("#000000",
                             "#E69F00",
                             "#56B4E9",
                             "#009E73",
                             "#F0E442",
                             "#0072B2",
                             "#D55E00",
                             "#CC79A7")

# senua ----
colours_tk[["senua"]] <- c("#402916",
                           "#734226",
                           "#BFA799",
                           "#260101",
                           "#0D0D0D")